{
  "nbformat": 4,
  "nbformat_minor": 0,
  "metadata": {
    "colab": {
      "provenance": [],
      "toc_visible": true
    },
    "kernelspec": {
      "name": "python3",
      "display_name": "Python 3"
    },
    "language_info": {
      "name": "python"
    }
  },
  "cells": [
    {
      "cell_type": "markdown",
      "source": [
        "### Assignment 1 CAP 6673\n",
        "Use telescope_data.csv for this assignment. The dataset has 10 real attributes, and the last one is simply the class label, which is categorical, and which you will ignore for this assignment. Assume that attributes are numbered starting from 1.\n",
        "\n",
        "\n",
        "\n",
        "---\n",
        "\n",
        "*Matthew Acs*"
      ],
      "metadata": {
        "id": "Hq7sbUDkmuSQ"
      }
    },
    {
      "cell_type": "markdown",
      "source": [
        "### Part 0. Import Data and Setup Notebook"
      ],
      "metadata": {
        "id": "VSfIcd-4rTyS"
      }
    },
    {
      "cell_type": "code",
      "source": [
        "## Import packages and read data into a pandas data frame\n",
        "\n",
        "import math\n",
        "import pandas as pd\n",
        "import numpy as np\n",
        "import matplotlib.pyplot as plt\n",
        "\n",
        "df = pd.read_csv('telescope_data.csv')\n",
        "df = df.drop(columns = 'class')\n",
        "df.head()"
      ],
      "metadata": {
        "colab": {
          "base_uri": "https://localhost:8080/",
          "height": 204
        },
        "id": "qAw1HPqoieUK",
        "outputId": "38360c72-3214-4c75-8cf4-0bdc1dc3cf2a"
      },
      "execution_count": 1,
      "outputs": [
        {
          "output_type": "execute_result",
          "data": {
            "text/plain": [
              "    fLength    fWidth   fSize   fConc  fConc1     fAsym  fM3Long  fM3Trans  \\\n",
              "0   28.7967   16.0021  2.6449  0.3918  0.1982   27.7004  22.0110   -8.2027   \n",
              "1   31.6036   11.7235  2.5185  0.5303  0.3773   26.2722  23.8238   -9.9574   \n",
              "2  162.0520  136.0310  4.0612  0.0374  0.0187  116.7410 -64.8580  -45.2160   \n",
              "3   23.8172    9.5728  2.3385  0.6147  0.3922   27.2107  -6.4633   -7.1513   \n",
              "4   75.1362   30.9205  3.1611  0.3168  0.1832   -5.5277  28.5525   21.8393   \n",
              "\n",
              "    fAlpha     fDist  \n",
              "0  40.0920   81.8828  \n",
              "1   6.3609  205.2610  \n",
              "2  76.9600  256.7880  \n",
              "3  10.4490  116.7370  \n",
              "4   4.6480  356.4620  "
            ],
            "text/html": [
              "\n",
              "  <div id=\"df-ef0839c2-c057-4c5a-a302-2e1955d95f82\" class=\"colab-df-container\">\n",
              "    <div>\n",
              "<style scoped>\n",
              "    .dataframe tbody tr th:only-of-type {\n",
              "        vertical-align: middle;\n",
              "    }\n",
              "\n",
              "    .dataframe tbody tr th {\n",
              "        vertical-align: top;\n",
              "    }\n",
              "\n",
              "    .dataframe thead th {\n",
              "        text-align: right;\n",
              "    }\n",
              "</style>\n",
              "<table border=\"1\" class=\"dataframe\">\n",
              "  <thead>\n",
              "    <tr style=\"text-align: right;\">\n",
              "      <th></th>\n",
              "      <th>fLength</th>\n",
              "      <th>fWidth</th>\n",
              "      <th>fSize</th>\n",
              "      <th>fConc</th>\n",
              "      <th>fConc1</th>\n",
              "      <th>fAsym</th>\n",
              "      <th>fM3Long</th>\n",
              "      <th>fM3Trans</th>\n",
              "      <th>fAlpha</th>\n",
              "      <th>fDist</th>\n",
              "    </tr>\n",
              "  </thead>\n",
              "  <tbody>\n",
              "    <tr>\n",
              "      <th>0</th>\n",
              "      <td>28.7967</td>\n",
              "      <td>16.0021</td>\n",
              "      <td>2.6449</td>\n",
              "      <td>0.3918</td>\n",
              "      <td>0.1982</td>\n",
              "      <td>27.7004</td>\n",
              "      <td>22.0110</td>\n",
              "      <td>-8.2027</td>\n",
              "      <td>40.0920</td>\n",
              "      <td>81.8828</td>\n",
              "    </tr>\n",
              "    <tr>\n",
              "      <th>1</th>\n",
              "      <td>31.6036</td>\n",
              "      <td>11.7235</td>\n",
              "      <td>2.5185</td>\n",
              "      <td>0.5303</td>\n",
              "      <td>0.3773</td>\n",
              "      <td>26.2722</td>\n",
              "      <td>23.8238</td>\n",
              "      <td>-9.9574</td>\n",
              "      <td>6.3609</td>\n",
              "      <td>205.2610</td>\n",
              "    </tr>\n",
              "    <tr>\n",
              "      <th>2</th>\n",
              "      <td>162.0520</td>\n",
              "      <td>136.0310</td>\n",
              "      <td>4.0612</td>\n",
              "      <td>0.0374</td>\n",
              "      <td>0.0187</td>\n",
              "      <td>116.7410</td>\n",
              "      <td>-64.8580</td>\n",
              "      <td>-45.2160</td>\n",
              "      <td>76.9600</td>\n",
              "      <td>256.7880</td>\n",
              "    </tr>\n",
              "    <tr>\n",
              "      <th>3</th>\n",
              "      <td>23.8172</td>\n",
              "      <td>9.5728</td>\n",
              "      <td>2.3385</td>\n",
              "      <td>0.6147</td>\n",
              "      <td>0.3922</td>\n",
              "      <td>27.2107</td>\n",
              "      <td>-6.4633</td>\n",
              "      <td>-7.1513</td>\n",
              "      <td>10.4490</td>\n",
              "      <td>116.7370</td>\n",
              "    </tr>\n",
              "    <tr>\n",
              "      <th>4</th>\n",
              "      <td>75.1362</td>\n",
              "      <td>30.9205</td>\n",
              "      <td>3.1611</td>\n",
              "      <td>0.3168</td>\n",
              "      <td>0.1832</td>\n",
              "      <td>-5.5277</td>\n",
              "      <td>28.5525</td>\n",
              "      <td>21.8393</td>\n",
              "      <td>4.6480</td>\n",
              "      <td>356.4620</td>\n",
              "    </tr>\n",
              "  </tbody>\n",
              "</table>\n",
              "</div>\n",
              "    <div class=\"colab-df-buttons\">\n",
              "\n",
              "  <div class=\"colab-df-container\">\n",
              "    <button class=\"colab-df-convert\" onclick=\"convertToInteractive('df-ef0839c2-c057-4c5a-a302-2e1955d95f82')\"\n",
              "            title=\"Convert this dataframe to an interactive table.\"\n",
              "            style=\"display:none;\">\n",
              "\n",
              "  <svg xmlns=\"http://www.w3.org/2000/svg\" height=\"24px\" viewBox=\"0 -960 960 960\">\n",
              "    <path d=\"M120-120v-720h720v720H120Zm60-500h600v-160H180v160Zm220 220h160v-160H400v160Zm0 220h160v-160H400v160ZM180-400h160v-160H180v160Zm440 0h160v-160H620v160ZM180-180h160v-160H180v160Zm440 0h160v-160H620v160Z\"/>\n",
              "  </svg>\n",
              "    </button>\n",
              "\n",
              "  <style>\n",
              "    .colab-df-container {\n",
              "      display:flex;\n",
              "      gap: 12px;\n",
              "    }\n",
              "\n",
              "    .colab-df-convert {\n",
              "      background-color: #E8F0FE;\n",
              "      border: none;\n",
              "      border-radius: 50%;\n",
              "      cursor: pointer;\n",
              "      display: none;\n",
              "      fill: #1967D2;\n",
              "      height: 32px;\n",
              "      padding: 0 0 0 0;\n",
              "      width: 32px;\n",
              "    }\n",
              "\n",
              "    .colab-df-convert:hover {\n",
              "      background-color: #E2EBFA;\n",
              "      box-shadow: 0px 1px 2px rgba(60, 64, 67, 0.3), 0px 1px 3px 1px rgba(60, 64, 67, 0.15);\n",
              "      fill: #174EA6;\n",
              "    }\n",
              "\n",
              "    .colab-df-buttons div {\n",
              "      margin-bottom: 4px;\n",
              "    }\n",
              "\n",
              "    [theme=dark] .colab-df-convert {\n",
              "      background-color: #3B4455;\n",
              "      fill: #D2E3FC;\n",
              "    }\n",
              "\n",
              "    [theme=dark] .colab-df-convert:hover {\n",
              "      background-color: #434B5C;\n",
              "      box-shadow: 0px 1px 3px 1px rgba(0, 0, 0, 0.15);\n",
              "      filter: drop-shadow(0px 1px 2px rgba(0, 0, 0, 0.3));\n",
              "      fill: #FFFFFF;\n",
              "    }\n",
              "  </style>\n",
              "\n",
              "    <script>\n",
              "      const buttonEl =\n",
              "        document.querySelector('#df-ef0839c2-c057-4c5a-a302-2e1955d95f82 button.colab-df-convert');\n",
              "      buttonEl.style.display =\n",
              "        google.colab.kernel.accessAllowed ? 'block' : 'none';\n",
              "\n",
              "      async function convertToInteractive(key) {\n",
              "        const element = document.querySelector('#df-ef0839c2-c057-4c5a-a302-2e1955d95f82');\n",
              "        const dataTable =\n",
              "          await google.colab.kernel.invokeFunction('convertToInteractive',\n",
              "                                                    [key], {});\n",
              "        if (!dataTable) return;\n",
              "\n",
              "        const docLinkHtml = 'Like what you see? Visit the ' +\n",
              "          '<a target=\"_blank\" href=https://colab.research.google.com/notebooks/data_table.ipynb>data table notebook</a>'\n",
              "          + ' to learn more about interactive tables.';\n",
              "        element.innerHTML = '';\n",
              "        dataTable['output_type'] = 'display_data';\n",
              "        await google.colab.output.renderOutput(dataTable, element);\n",
              "        const docLink = document.createElement('div');\n",
              "        docLink.innerHTML = docLinkHtml;\n",
              "        element.appendChild(docLink);\n",
              "      }\n",
              "    </script>\n",
              "  </div>\n",
              "\n",
              "\n",
              "<div id=\"df-9519eec1-4ebb-4f87-baa9-b2a7e52a9f37\">\n",
              "  <button class=\"colab-df-quickchart\" onclick=\"quickchart('df-9519eec1-4ebb-4f87-baa9-b2a7e52a9f37')\"\n",
              "            title=\"Suggest charts.\"\n",
              "            style=\"display:none;\">\n",
              "\n",
              "<svg xmlns=\"http://www.w3.org/2000/svg\" height=\"24px\"viewBox=\"0 0 24 24\"\n",
              "     width=\"24px\">\n",
              "    <g>\n",
              "        <path d=\"M19 3H5c-1.1 0-2 .9-2 2v14c0 1.1.9 2 2 2h14c1.1 0 2-.9 2-2V5c0-1.1-.9-2-2-2zM9 17H7v-7h2v7zm4 0h-2V7h2v10zm4 0h-2v-4h2v4z\"/>\n",
              "    </g>\n",
              "</svg>\n",
              "  </button>\n",
              "\n",
              "<style>\n",
              "  .colab-df-quickchart {\n",
              "      --bg-color: #E8F0FE;\n",
              "      --fill-color: #1967D2;\n",
              "      --hover-bg-color: #E2EBFA;\n",
              "      --hover-fill-color: #174EA6;\n",
              "      --disabled-fill-color: #AAA;\n",
              "      --disabled-bg-color: #DDD;\n",
              "  }\n",
              "\n",
              "  [theme=dark] .colab-df-quickchart {\n",
              "      --bg-color: #3B4455;\n",
              "      --fill-color: #D2E3FC;\n",
              "      --hover-bg-color: #434B5C;\n",
              "      --hover-fill-color: #FFFFFF;\n",
              "      --disabled-bg-color: #3B4455;\n",
              "      --disabled-fill-color: #666;\n",
              "  }\n",
              "\n",
              "  .colab-df-quickchart {\n",
              "    background-color: var(--bg-color);\n",
              "    border: none;\n",
              "    border-radius: 50%;\n",
              "    cursor: pointer;\n",
              "    display: none;\n",
              "    fill: var(--fill-color);\n",
              "    height: 32px;\n",
              "    padding: 0;\n",
              "    width: 32px;\n",
              "  }\n",
              "\n",
              "  .colab-df-quickchart:hover {\n",
              "    background-color: var(--hover-bg-color);\n",
              "    box-shadow: 0 1px 2px rgba(60, 64, 67, 0.3), 0 1px 3px 1px rgba(60, 64, 67, 0.15);\n",
              "    fill: var(--button-hover-fill-color);\n",
              "  }\n",
              "\n",
              "  .colab-df-quickchart-complete:disabled,\n",
              "  .colab-df-quickchart-complete:disabled:hover {\n",
              "    background-color: var(--disabled-bg-color);\n",
              "    fill: var(--disabled-fill-color);\n",
              "    box-shadow: none;\n",
              "  }\n",
              "\n",
              "  .colab-df-spinner {\n",
              "    border: 2px solid var(--fill-color);\n",
              "    border-color: transparent;\n",
              "    border-bottom-color: var(--fill-color);\n",
              "    animation:\n",
              "      spin 1s steps(1) infinite;\n",
              "  }\n",
              "\n",
              "  @keyframes spin {\n",
              "    0% {\n",
              "      border-color: transparent;\n",
              "      border-bottom-color: var(--fill-color);\n",
              "      border-left-color: var(--fill-color);\n",
              "    }\n",
              "    20% {\n",
              "      border-color: transparent;\n",
              "      border-left-color: var(--fill-color);\n",
              "      border-top-color: var(--fill-color);\n",
              "    }\n",
              "    30% {\n",
              "      border-color: transparent;\n",
              "      border-left-color: var(--fill-color);\n",
              "      border-top-color: var(--fill-color);\n",
              "      border-right-color: var(--fill-color);\n",
              "    }\n",
              "    40% {\n",
              "      border-color: transparent;\n",
              "      border-right-color: var(--fill-color);\n",
              "      border-top-color: var(--fill-color);\n",
              "    }\n",
              "    60% {\n",
              "      border-color: transparent;\n",
              "      border-right-color: var(--fill-color);\n",
              "    }\n",
              "    80% {\n",
              "      border-color: transparent;\n",
              "      border-right-color: var(--fill-color);\n",
              "      border-bottom-color: var(--fill-color);\n",
              "    }\n",
              "    90% {\n",
              "      border-color: transparent;\n",
              "      border-bottom-color: var(--fill-color);\n",
              "    }\n",
              "  }\n",
              "</style>\n",
              "\n",
              "  <script>\n",
              "    async function quickchart(key) {\n",
              "      const quickchartButtonEl =\n",
              "        document.querySelector('#' + key + ' button');\n",
              "      quickchartButtonEl.disabled = true;  // To prevent multiple clicks.\n",
              "      quickchartButtonEl.classList.add('colab-df-spinner');\n",
              "      try {\n",
              "        const charts = await google.colab.kernel.invokeFunction(\n",
              "            'suggestCharts', [key], {});\n",
              "      } catch (error) {\n",
              "        console.error('Error during call to suggestCharts:', error);\n",
              "      }\n",
              "      quickchartButtonEl.classList.remove('colab-df-spinner');\n",
              "      quickchartButtonEl.classList.add('colab-df-quickchart-complete');\n",
              "    }\n",
              "    (() => {\n",
              "      let quickchartButtonEl =\n",
              "        document.querySelector('#df-9519eec1-4ebb-4f87-baa9-b2a7e52a9f37 button');\n",
              "      quickchartButtonEl.style.display =\n",
              "        google.colab.kernel.accessAllowed ? 'block' : 'none';\n",
              "    })();\n",
              "  </script>\n",
              "</div>\n",
              "    </div>\n",
              "  </div>\n"
            ]
          },
          "metadata": {},
          "execution_count": 1
        }
      ]
    },
    {
      "cell_type": "code",
      "source": [
        "## Store the number of data points in n\n",
        "\n",
        "n = df.count()[1]\n",
        "print(n)"
      ],
      "metadata": {
        "colab": {
          "base_uri": "https://localhost:8080/"
        },
        "id": "S7DVE5XRtAq7",
        "outputId": "df1d1b42-24d2-4ab8-810f-bfdf67895708"
      },
      "execution_count": 2,
      "outputs": [
        {
          "output_type": "stream",
          "name": "stdout",
          "text": [
            "201\n"
          ]
        }
      ]
    },
    {
      "cell_type": "code",
      "source": [
        "## Convert the data frame to a numpy array\n",
        "\n",
        "np_array = df.to_numpy()\n",
        "print(np_array)"
      ],
      "metadata": {
        "colab": {
          "base_uri": "https://localhost:8080/"
        },
        "id": "IpgLZvFmumrk",
        "outputId": "e746d707-6214-47d7-886c-123f77bdd7ad"
      },
      "execution_count": 3,
      "outputs": [
        {
          "output_type": "stream",
          "name": "stdout",
          "text": [
            "[[ 28.7967  16.0021   2.6449 ...  -8.2027  40.092   81.8828]\n",
            " [ 31.6036  11.7235   2.5185 ...  -9.9574   6.3609 205.261 ]\n",
            " [162.052  136.031    4.0612 ... -45.216   76.96   256.788 ]\n",
            " ...\n",
            " [ 31.6082  10.4765   2.6699 ...   4.7111  56.6679  39.2281]\n",
            " [161.4795  83.0297   3.0887 ... -49.9263  86.6275 311.6682]\n",
            " [134.979  111.427    3.4087 ... -69.4388  88.2932 282.304 ]]\n"
          ]
        }
      ]
    },
    {
      "cell_type": "markdown",
      "source": [
        "---"
      ],
      "metadata": {
        "id": "mqTUcgZxr64Z"
      }
    },
    {
      "cell_type": "markdown",
      "source": [
        "### Part 1.\tCompute the multivariate mean vector.\n"
      ],
      "metadata": {
        "id": "qrAdOR7lh3i1"
      }
    },
    {
      "cell_type": "code",
      "source": [
        "## Computes and prints the multivariate mean vector using np.mean\n",
        "\n",
        "mean_vector = np.mean(np_array, axis=0)\n",
        "print(mean_vector)"
      ],
      "metadata": {
        "colab": {
          "base_uri": "https://localhost:8080/"
        },
        "id": "0q2bhMZfu4aK",
        "outputId": "28365470-13a8-4d6a-dfa0-cdfcb965d38c"
      },
      "execution_count": 4,
      "outputs": [
        {
          "output_type": "stream",
          "name": "stdout",
          "text": [
            "[ 57.67503035  24.01521443   2.87363881   0.36339005   0.20743433\n",
            "  -3.22176468  13.13659005   1.79170249  31.52651841 197.80452736]\n"
          ]
        }
      ]
    },
    {
      "cell_type": "markdown",
      "source": [
        "---"
      ],
      "metadata": {
        "id": "Og2vvngOr9lB"
      }
    },
    {
      "cell_type": "markdown",
      "source": [
        "### Part 2.\tCompute the sample covariance matrix as inner products between the columns of the centered data matrix.\n"
      ],
      "metadata": {
        "id": "ErsN-iDGh6TJ"
      }
    },
    {
      "cell_type": "code",
      "source": [
        "## Uses the inner product to compute the covariance matrix\n",
        "\n",
        "centered = np_array - 1 * mean_vector.T\n",
        "\n",
        "inner_product_cov = np.dot(centered.T, centered)/n\n",
        "print(inner_product_cov)"
      ],
      "metadata": {
        "colab": {
          "base_uri": "https://localhost:8080/"
        },
        "id": "rheJFgFGh0RR",
        "outputId": "037fefa6-e8b7-4705-eecf-5bb410bb9da6"
      },
      "execution_count": 5,
      "outputs": [
        {
          "output_type": "stream",
          "name": "stdout",
          "text": [
            "[[ 1.75792100e+03  7.27640008e+02  1.38087177e+01 -4.77211532e+00\n",
            "  -2.74060681e+00 -3.36837774e+02 -3.15514099e+02  1.33529557e+02\n",
            "  -4.24870798e+01  1.08309128e+03]\n",
            " [ 7.27640008e+02  5.08766975e+02  6.99650584e+00 -2.21973637e+00\n",
            "  -1.28605561e+00  2.53535035e+02 -4.17108575e+02  7.60406393e+01\n",
            "   3.44995281e+01  4.54173202e+02]\n",
            " [ 1.38087177e+01  6.99650584e+00  2.25145465e-01 -6.71578416e-02\n",
            "  -3.85953367e-02  4.58446913e-01  1.60093687e+00  6.45465916e-01\n",
            "  -2.83222706e+00  1.73141135e+01]\n",
            " [-4.77211532e+00 -2.21973637e+00 -6.71578416e-02  2.93358253e-02\n",
            "   1.77858680e-02  3.27552128e-01 -8.79961283e-01 -3.91955634e-01\n",
            "   1.31323325e+00 -4.59278076e+00]\n",
            " [-2.74060681e+00 -1.28605561e+00 -3.85953367e-02  1.77858680e-02\n",
            "   1.14042734e-02  1.53677996e-01 -6.02812907e-01 -2.08916836e-01\n",
            "   7.07216450e-01 -2.51123051e+00]\n",
            " [-3.36837774e+02  2.53535035e+02  4.58446913e-01  3.27552128e-01\n",
            "   1.53677996e-01  3.88043649e+03 -2.62285821e+02  1.54192932e+01\n",
            "   1.01202203e+01 -6.56690098e+02]\n",
            " [-3.15514099e+02 -4.17108575e+02  1.60093687e+00 -8.79961283e-01\n",
            "  -6.02812907e-01 -2.62285821e+02  2.83730372e+03  1.23551112e+02\n",
            "  -2.75727816e+02  6.30746517e+02]\n",
            " [ 1.33529557e+02  7.60406393e+01  6.45465916e-01 -3.91955634e-01\n",
            "  -2.08916836e-01  1.54192932e+01  1.23551112e+02  4.61631227e+02\n",
            "  -3.33529339e+01  1.64640400e+02]\n",
            " [-4.24870798e+01  3.44995281e+01 -2.83222706e+00  1.31323325e+00\n",
            "   7.07216450e-01  1.01202203e+01 -2.75727816e+02 -3.33529339e+01\n",
            "   8.21591976e+02 -4.76984815e+02]\n",
            " [ 1.08309128e+03  4.54173202e+02  1.73141135e+01 -4.59278076e+00\n",
            "  -2.51123051e+00 -6.56690098e+02  6.30746517e+02  1.64640400e+02\n",
            "  -4.76984815e+02  6.32981850e+03]]\n"
          ]
        }
      ]
    },
    {
      "cell_type": "markdown",
      "source": [
        "---"
      ],
      "metadata": {
        "id": "4z_4IzFir_Kn"
      }
    },
    {
      "cell_type": "markdown",
      "source": [
        "### Part 3.\tCompute the sample covariance matrix as outer product between the centered data points.\n"
      ],
      "metadata": {
        "id": "NCAFEg9sh7r8"
      }
    },
    {
      "cell_type": "code",
      "source": [
        "## Uses the outer product to compute the covariance matrix\n",
        "\n",
        "centered = np_array - 1 * mean_vector.T\n",
        "\n",
        "outer_product_cov = np.zeros((np_array.shape[1], np_array.shape[1]))\n",
        "\n",
        "for row in centered:\n",
        "  outer_product_cov += np.outer(row,row)\n",
        "outer_product_cov = outer_product_cov/n\n",
        "\n",
        "print(outer_product_cov)"
      ],
      "metadata": {
        "id": "Iz4l549rzxgQ",
        "colab": {
          "base_uri": "https://localhost:8080/"
        },
        "outputId": "cacaaf29-c419-47d3-e38e-1302519ef247"
      },
      "execution_count": 6,
      "outputs": [
        {
          "output_type": "stream",
          "name": "stdout",
          "text": [
            "[[ 1.75792100e+03  7.27640008e+02  1.38087177e+01 -4.77211532e+00\n",
            "  -2.74060681e+00 -3.36837774e+02 -3.15514099e+02  1.33529557e+02\n",
            "  -4.24870798e+01  1.08309128e+03]\n",
            " [ 7.27640008e+02  5.08766975e+02  6.99650584e+00 -2.21973637e+00\n",
            "  -1.28605561e+00  2.53535035e+02 -4.17108575e+02  7.60406393e+01\n",
            "   3.44995281e+01  4.54173202e+02]\n",
            " [ 1.38087177e+01  6.99650584e+00  2.25145465e-01 -6.71578416e-02\n",
            "  -3.85953367e-02  4.58446913e-01  1.60093687e+00  6.45465916e-01\n",
            "  -2.83222706e+00  1.73141135e+01]\n",
            " [-4.77211532e+00 -2.21973637e+00 -6.71578416e-02  2.93358253e-02\n",
            "   1.77858680e-02  3.27552128e-01 -8.79961283e-01 -3.91955634e-01\n",
            "   1.31323325e+00 -4.59278076e+00]\n",
            " [-2.74060681e+00 -1.28605561e+00 -3.85953367e-02  1.77858680e-02\n",
            "   1.14042734e-02  1.53677996e-01 -6.02812907e-01 -2.08916836e-01\n",
            "   7.07216450e-01 -2.51123051e+00]\n",
            " [-3.36837774e+02  2.53535035e+02  4.58446913e-01  3.27552128e-01\n",
            "   1.53677996e-01  3.88043649e+03 -2.62285821e+02  1.54192932e+01\n",
            "   1.01202203e+01 -6.56690098e+02]\n",
            " [-3.15514099e+02 -4.17108575e+02  1.60093687e+00 -8.79961283e-01\n",
            "  -6.02812907e-01 -2.62285821e+02  2.83730372e+03  1.23551112e+02\n",
            "  -2.75727816e+02  6.30746517e+02]\n",
            " [ 1.33529557e+02  7.60406393e+01  6.45465916e-01 -3.91955634e-01\n",
            "  -2.08916836e-01  1.54192932e+01  1.23551112e+02  4.61631227e+02\n",
            "  -3.33529339e+01  1.64640400e+02]\n",
            " [-4.24870798e+01  3.44995281e+01 -2.83222706e+00  1.31323325e+00\n",
            "   7.07216450e-01  1.01202203e+01 -2.75727816e+02 -3.33529339e+01\n",
            "   8.21591976e+02 -4.76984815e+02]\n",
            " [ 1.08309128e+03  4.54173202e+02  1.73141135e+01 -4.59278076e+00\n",
            "  -2.51123051e+00 -6.56690098e+02  6.30746517e+02  1.64640400e+02\n",
            "  -4.76984815e+02  6.32981850e+03]]\n"
          ]
        }
      ]
    },
    {
      "cell_type": "markdown",
      "source": [
        "---"
      ],
      "metadata": {
        "id": "2Zha2kMNsAZu"
      }
    },
    {
      "cell_type": "markdown",
      "source": [
        "### Part 4.\tCompute the correlation between Attributes 1 and 2 by computing the cosine of the angle between the centered attribute vectors. Plot the scatter plot between these two attributes.\n"
      ],
      "metadata": {
        "id": "sZ1Yq0tSh9Zp"
      }
    },
    {
      "cell_type": "code",
      "source": [
        "## Computes the correlation between attributes 1 and 2 using the\n",
        "## cosine of the angle between the centered attribute vectors\n",
        "\n",
        "attribute_1_centered = np_array[ :, 0] - 1 * np.mean(np_array[ :, 0])\n",
        "attribute_2_centered = np_array[ :, 1]- 1 * np.mean(np_array[ :, 1])\n",
        "\n",
        "cos_theta = np.dot( (attribute_1_centered / math.sqrt(np.dot(attribute_1_centered.T, attribute_1_centered))).T, (attribute_2_centered / math.sqrt(np.dot(attribute_2_centered.T, attribute_2_centered))) )\n",
        "print(\"Correlation: \")\n",
        "print(cos_theta)"
      ],
      "metadata": {
        "id": "k7_cqFoXh-rk",
        "colab": {
          "base_uri": "https://localhost:8080/"
        },
        "outputId": "ef4a4b04-eff2-43df-c192-387b633d0adb"
      },
      "execution_count": 7,
      "outputs": [
        {
          "output_type": "stream",
          "name": "stdout",
          "text": [
            "Correlation: \n",
            "0.7694093096665072\n"
          ]
        }
      ]
    },
    {
      "cell_type": "code",
      "source": [
        "## Plots the scatter plot between attribute 1 and 2\n",
        "\n",
        "plt.scatter(np_array[ :, 0], np_array[ :, 1])\n",
        "plt.xlabel('fLength (Attribute 1)')\n",
        "plt.ylabel('fWidth (Attribute 2)')\n",
        "plt.title('fLength vs fWidth')\n",
        "plt.grid()\n",
        "plt.show()"
      ],
      "metadata": {
        "colab": {
          "base_uri": "https://localhost:8080/",
          "height": 472
        },
        "id": "Ei2htso8HHNx",
        "outputId": "3fbe3044-fd1c-43fc-c3e5-c19bec2d3282"
      },
      "execution_count": 8,
      "outputs": [
        {
          "output_type": "display_data",
          "data": {
            "text/plain": [
              "<Figure size 640x480 with 1 Axes>"
            ],
